9915341703502466
996781043502466
9916176913502466
9915320073502466
9915364413502466
9913676453502466
9916505623502466
9913303283502466
9916167243502466
9916458653502466
9916187623502466
9916583173502466
9916167533502466
9916203723502466
9916360063502466
9916623443502466
9916628943502466
9913305143502466
9916204673502466
9916592493502466
9916168223502466
9915473363502466
9915425563502466
9916648543502466
9916183553502466
9916277373502466
9916306813502466
9916327543502466
9916463553502466
9916623063502466
9916624003502466
9916211813502466
9916640013502466
9915390913502466
9915403633502466
9915404603502466
9916614463502466
9916217893502466
9915467433502466
9916457993502466
9916296563502466
9916264433502466
9916266603502466
9913433933502466
9916359223502466
9916343613502466
9916628693502466
9916630063502466
9912649983502466
9916209793502466
9916214033502466
9916593653502466
9916598993502466
9916584083502466
9916584143502466
9916610883502466
9916329773502466
9916587303502466
9913434043502466
9913434253502466
9916270533502466
9916273383502466
9916171703502466
9916171763502466
9916292653502466
9915475243502466
9915475893502466
9915530453502466
9915558963502466
9915561663502466
9915570083502466
9916157753502466
9916160963502466
9916236473502466
9916240973502466
9916242833502466
9915450573502466
9916652533502466
9916653883502466
9916653903502466
9916461613502466
9915426473502466
9916648463502466
9916649653502466
9916189493502466
9916499583502466
9916499753502466
9916499783502466
9916499803502466
9916231193502466
9913441843502466
9916195593502466
9916202533502466
9916628813502466
9916593963502466
9916597713502466
9916608403502466
9913430343502466
9915408303502466
9916462453502466
9916617413502466
9916644303502466
9916648283502466
9916649963502466
9916220363502466
9913676263502466
9914720123502466
9916200363502466
9913347693502466